Weight beta Accuracy_on_winning_bids Accuracy_on_nonwinning_bids
1.1 0.2 0.159857904085 0.970251716247
1.1 0.4 0.168738898757 0.965675057208
1.1 0.6 0.165186500888 0.965675057208
1.1 0.8 0.159857904085 0.965675057208
1.2 0.2 0.367673179396 0.933638443936
1.2 0.4 0.371225577265 0.933638443936
1.2 0.6 0.371225577265 0.935926773455
1.2 0.8 0.367673179396 0.935926773455
1.3 0.2 0.571936056838 0.897025171625
1.3 0.4 0.563055062167 0.894736842105
1.3 0.6 0.563055062167 0.894736842105
1.3 0.8 0.559502664298 0.894736842105
1.4 0.2 0.696269982238 0.821510297483
1.4 0.4 0.699822380107 0.814645308924
1.4 0.6 0.696269982238 0.814645308924
1.4 0.8 0.694493783304 0.816933638444
1.5 0.2 0.776198934281 0.745995423341
1.5 0.4 0.770870337478 0.74828375286
1.5 0.6 0.772646536412 0.74828375286
1.5 0.8 0.770870337478 0.74828375286
1.6 0.2 0.811722912966 0.713958810069
1.6 0.4 0.809946714032 0.711670480549
1.6 0.6 0.808170515098 0.711670480549
1.6 0.8 0.808170515098 0.713958810069
1.7 0.2 0.841918294849 0.677345537757
1.7 0.4 0.841918294849 0.677345537757
1.7 0.6 0.840142095915 0.677345537757
1.7 0.8 0.840142095915 0.677345537757
1.8 0.2 0.859680284192 0.647597254005
1.8 0.4 0.859680284192 0.645308924485
1.8 0.6 0.859680284192 0.645308924485
1.8 0.8 0.859680284192 0.647597254005
1.9 0.2 0.8756660746 0.610983981693
1.9 0.4 0.873889875666 0.613272311213
1.9 0.6 0.873889875666 0.613272311213
1.9 0.8 0.873889875666 0.613272311213
